%% Create a GPS based heat map using "surf" function

%% GPS Data Structure Definition for Block A1
    %{
        GPS data is from "GPS_data.xlsx"
    %}
% Row B
B.lat_N = 40.7089043;
B.lon_N = -77.9541298;
B.lat_S = 40.708362;
B.lon_S = -77.9537402;
% Row C
C.lat_N = 40.7089112;
C.lon_N = -77.9540956;
C.lat_S = 40.7083846;
C.lon_S = -77.9537174;
% Row D
D.lat_N = 40.7089249;
D.lon_N = -77.9540587;
D.lat_S = 40.7084049;
D.lon_S = -77.9536815;
% Row EE
EE.lat_N = 40.7089653;
EE.lon_N = -77.9539678;
EE.lat_S = 40.7084377;
EE.lon_S = -77.9535823;
% Row F
F.lat_N = 40.708976;
F.lon_N = -77.9539357;
F.lat_S = 40.708454;
F.lon_S = -77.9535558;
% Row FF
FF.lat_N = 40.7089905;
FF.lon_N = -77.9539051;
FF.lat_S = 40.7084621;
EE.lon_S = -77.9535253;
% Row G
G.lat_N = 40.7090014;
G.lon_N = -77.953879;
G.lat_S = 40.7084776;
G.lon_S = -77.9534981;
% Row GG
GG.lat_N = 40.7090116;
GG.lon_N = -77.9538565;
GG.lat_S = 40.708489;
GG.lon_S = -77.9534706;
% Row H
H.lat_N = 40.7090256;
H.lon_N = -77.9538253;
H.lat_S = 40.7085015;
H.lon_S = -77.9534418;
% Row HH
HH.lat_N = 40.70904;
HH.lon_N = -77.9537925;
HH.lat_S = 40.708517;
HH.lon_S = -77.9534106;
% Row I			
I.lat_N = 40.709051;
I.lon_N = -77.953758;
I.lat_S = 40.7085297;
I.lon_S = -77.9533794;
% Row II
II.lat_N = 40.7090677;
II.lon_N = -77.9537295;
II.lat_S = 40.708546;
II.lon_S = -77.9533462;
% Row J
J.lat_N = 40.7090858;
J.lon_N = -77.9536886;
J.lat_S = 40.708564;
J.lon_S = -77.9533053;
% Row K
K.lat_N = 40.7091013;
K.lon_N = -77.9536483;
K.lat_S = 40.7085795;
K.lon_S = -77.9532641;
% Row L 
L.lat_N = 40.7091127;			
L.lon_N = -77.953601;
L.lat_S = 40.708593;
L.lon_S = -77.9532249;
% Row LL
LL.lat_N = 40.7091303;			
LL.lon_N = -77.9535645;
LL.lat_S = 40.7086059;
LL.lon_S = -77.953187;
% Row M
M.lat_N = 40.7091303;			
M.lon_N = -77.9535645;
M.lat_S = 40.708623;
M.lon_S = -77.9531518;
% Row N
N.lat_N = 40.7091646;			
N.lon_N = -77.9534917;
N.lat_S = 40.7086377;
N.lon_S = -77.9531089;
% Row O
O.lat_N = 40.7091793;			
O.lon_N = -77.9534498;
O.lat_S = 40.7086497;
O.lon_S = -77.9530693;